Using test data...
bedrooms, bedbath, logliving, latlong
12.4466777016

7.50390163159

7.55027467965

-74.653333554



Using training data...
    price  bedrooms  bathrooms  sqft_living      lat     long
0  221900         3       1.00         1180  47.5112 -122.257
1  538000         3       2.25         2570  47.7210 -122.319
2  180000         2       1.00          770  47.7379 -122.233
3  604000         4       3.00         1960  47.5208 -122.393
4  510000         3       2.00         1680  47.6168 -122.045
   bedrooms  bathrooms  sqft_living      lat     long
0         3       1.00         1180  47.5112 -122.257
1         3       2.25         2570  47.7210 -122.319
2         2       1.00          770  47.7379 -122.233
3         4       3.00         1960  47.5208 -122.393
4         3       2.00         1680  47.6168 -122.045
Intercept:  -69075726.7926
      features  estimatedCoefficients
0     bedrooms          -59586.533154
1    bathrooms           15706.742083
2  sqft_living             312.258646
3          lat          658619.263931
4         long         -309374.351268
[ 244657.18811041  855689.66538489  318101.6789946   508443.5399216
  420456.08513196]
Rss:  9.6787996305e+14
    price  bedrooms  bathrooms  sqft_living      lat     long  bedbath
0  221900         3       1.00         1180  47.5112 -122.257     3.00
1  538000         3       2.25         2570  47.7210 -122.319     6.75
2  180000         2       1.00          770  47.7379 -122.233     2.00
3  604000         4       3.00         1960  47.5208 -122.393    12.00
4  510000         3       2.00         1680  47.6168 -122.045     6.00
   bedrooms  bathrooms  sqft_living      lat     long  bedbath
0         3       1.00         1180  47.5112 -122.257     3.00
1         3       2.25         2570  47.7210 -122.319     6.75
2         2       1.00          770  47.7379 -122.233     2.00
3         4       3.00         1960  47.5208 -122.393    12.00
4         3       2.00         1680  47.6168 -122.045     6.00
Intercept:  -66867968.8711
      features  estimatedCoefficients
0     bedrooms         -113446.368070
1    bathrooms          -71461.308293
2  sqft_living             306.610053
3          lat          654844.629503
4         long         -294298.969138
5      bedbath           25579.652001
[ 251332.76667791  839750.73997916  354879.46307825  510647.659973
  416675.65253518]
Rss:  9.58419635074e+14
    price  bedrooms  bathrooms  sqft_living      lat     long  bedbath  \
0  221900         3       1.00         1180  47.5112 -122.257     3.00
1  538000         3       2.25         2570  47.7210 -122.319     6.75
2  180000         2       1.00          770  47.7379 -122.233     2.00
3  604000         4       3.00         1960  47.5208 -122.393    12.00
4  510000         3       2.00         1680  47.6168 -122.045     6.00

   bedsquared  logliving  latlong
0           9   7.073270 -74.7458
1           9   7.851661 -74.5980
2           4   6.646391 -74.4951
3          16   7.580700 -74.8722
4           9   7.426549 -74.4282
   bedrooms  bathrooms  sqft_living      lat     long  bedbath  bedsquared  \
0         3       1.00         1180  47.5112 -122.257     3.00           9
1         3       2.25         2570  47.7210 -122.319     6.75           9
2         2       1.00          770  47.7379 -122.233     2.00           4
3         4       3.00         1960  47.5208 -122.393    12.00          16
4         3       2.00         1680  47.6168 -122.045     6.00           9

   logliving  latlong
0   7.073270 -74.7458
1   7.851661 -74.5980
2   6.646391 -74.4951
3   7.580700 -74.8722
4   7.426549 -74.4282
Intercept:  -62036084.9861
      features  estimatedCoefficients
0     bedrooms           34514.229578
1    bathrooms           67060.781319
2  sqft_living             529.422820
3          lat          534085.610867
4         long         -406750.710861
5      bedbath           -8570.504395
6   bedsquared           -6788.586670
7    logliving         -561831.484076
8      latlong          127334.900006
[ 283863.95917702  790213.23770399  457872.03756937  500054.92215725
  402051.02690459]
Rss:  9.0343645505e+14


Using test data...
    price  bedrooms  bathrooms  sqft_living      lat     long
0  310000         3        1.0         1430  47.7558 -122.229
1  650000         4        3.0         2950  47.5714 -122.375
2  233000         3        2.0         1710  47.3048 -122.218
3  580500         3        2.5         2320  47.5391 -122.070
4  535000         3        1.0         1090  47.6889 -122.375
   bedrooms  bathrooms  sqft_living      lat     long
0         3        1.0         1430  47.7558 -122.229
1         4        3.0         2950  47.5714 -122.375
2         3        2.0         1710  47.3048 -122.218
3         3        2.5         2320  47.5391 -122.070
4         3        1.0         1090  47.6889 -122.375
[ 475157.63980061  845336.99616417  277856.39694323  584714.6317625
  370096.72659591]
Rss:  2.25500469795e+14
    price  bedrooms  bathrooms  sqft_living      lat     long  bedbath
0  310000         3        1.0         1430  47.7558 -122.229      3.0
1  650000         4        3.0         2950  47.5714 -122.375     12.0
2  233000         3        2.0         1710  47.3048 -122.218      6.0
3  580500         3        2.5         2320  47.5391 -122.070      7.5
4  535000         3        1.0         1090  47.6889 -122.375      3.0
   bedrooms  bathrooms  sqft_living      lat     long  bedbath
0         3        1.0         1430  47.7558 -122.229      3.0
1         4        3.0         2950  47.5714 -122.375     12.0
2         3        2.0         1710  47.3048 -122.218      6.0
3         3        2.5         2320  47.5391 -122.070      7.5
4         3        1.0         1090  47.6889 -122.375      3.0
[ 479919.90528329  842029.3697058   272476.15139481  572020.95711974
  374831.03088763]
Rss:  2.23377462976e+14
    price  bedrooms  bathrooms  sqft_living      lat     long  bedbath  \
0  310000         3        1.0         1430  47.7558 -122.229      3.0
1  650000         4        3.0         2950  47.5714 -122.375     12.0
2  233000         3        2.0         1710  47.3048 -122.218      6.0
3  580500         3        2.5         2320  47.5391 -122.070      7.5
4  535000         3        1.0         1090  47.6889 -122.375      3.0

   bedsquared  logliving  latlong
0           9   7.265430 -74.4732
1          16   7.989560 -74.8036
2           9   7.444249 -74.9132
3           9   7.749322 -74.5309
4           9   6.993933 -74.6861
   bedrooms  bathrooms  sqft_living      lat     long  bedbath  bedsquared  \
0         3        1.0         1430  47.7558 -122.229      3.0           9
1         4        3.0         2950  47.5714 -122.375     12.0          16
2         3        2.0         1710  47.3048 -122.218      6.0           9
3         3        2.5         2320  47.5391 -122.070      7.5           9
4         3        1.0         1090  47.6889 -122.375      3.0           9

   logliving  latlong
0   7.265430 -74.4732
1   7.989560 -74.8036
2   7.444249 -74.9132
3   7.749322 -74.5309
4   6.993933 -74.6861
[ 462217.93710916  822911.09462512  249965.26770988  535805.03312711
  431295.27550442]
Rss:  2.59236319207e+14
Press any key to continue . . .
